500
999999999 999999999 470395372 2
4 100 3 3
1000000000 1000000000 3 1
100 100 2 80
100 351514573 1 3
1000000000 1000000000 2 2
1000000000 100 999999999 3
3 1000000000 1 1
3 100 2 2
999999999 1000000000 999999998 1
365482087 971250614 97597 28576180
4 3 2 2
999999999 100 1 1
4 999999999 1 999999998
4 999999999 1 3
999999999 4 3 2
804684832 197217720 1 153175513
3 3 1 1
100 4 1 1
999999999 1000000000 1 999999999
4 292678792 1 2
904027769 100 278679397 3
999999999 1000000000 1 3
1000000000 100 2 1
999999999 999999999 3 361042743
1000000000 100 99694839 3
100 616551719 3 3
1000000000 3 999999999 2
474573491 100 2 2
4 999999999 3 2
1000000000 4 3 3
4 4 3 3
977912389 734778827 532290378 1
100 999999999 99 999999998
100 4 2 1
1000000000 1000000000 3 3
4 999999999 1 1
1000000000 1000000000 3 999999999
1000000000 634373833 687984129 3
1000000000 100 3 62
4 1000000000 2 3
1000000000 100 1 2
3 4 1 2
606735969 100 574575067 9
999999999 4 1 2
100 999999999 3 999999998
999999999 1000000000 3 233117279
713458743 999999999 1 232415301
4 999999999 2 999999998
100 999999999 99 2
4 4 1 3
4 999999999 3 1
3 4 1 1
1000000000 999999999 1 3
100 1000000000 3 875437474
3 4 1 3
1000000000 1000000000 999999999 1
3 999999999 1 1
999999999 999999999 2 2
100 3 98 2
1000000000 100 1 99
100 999999999 99 1
269564282 100 1 3
38475058 4 38289611 2
999999999 1000000000 3 218565021
2 2 1 1
999999999 999999999 3 3
999999999 1000000000 2 2
100 1000000000 1 1
999999999 3 768481208 2
588175668 2 2 1
100 100 3 1
201238540 100 49757290 14
999999999 999999999 1 3
452792670 1000000000 2 115192647
999999999 100 999999998 1
1000000000 2 592728920 1
2 477765917 1 413635441
1000000000 4 120887411 1
1000000000 527180352 2 1
100 2 9 1
2 100 1 99
100 3 99 1
2 611627491 1 2
1000000000 100 2 3
205684158 100 1 3
100 3 2 2
100 999999999 3 1
874810763 1000000000 1 903855415
999999999 3 132294377 2
999999999 1000000000 3 2
999999999 999999999 2 1
3 1000000000 1 638408569
3 999999999 2 478452455
100 4 99 2
4 999999999 2 471976874
100 2 2 1
4 1000000000 1 809590669
999999999 100 999999998 2
1000000000 2 999999999 1
351511977 1000000000 3 1
2 100 1 3
770491971 1000000000 3 1
999999999 999999999 3 1
100 1000000000 2 999999999
1000000000 723284552 647366837 1
100 100 3 2
999999999 3 999999998 1
1000000000 1000000000 999999999 3
999999999 4 1 3
999999999 100 3 2
999999999 100 2 3
1000000000 3 2 1
4 1000000000 3 3
1000000000 999999999 313743023 2
3 1000000000 2 1
809198703 3 2 1
404696558 1000000000 344580310 355699065
2 1000000000 1 1
569981406 4 2 2
100 3 3 1
3 999999999 1 3
1000000000 999999999 2 999999998
3 3 2 1
4 1000000000 3 2
57695794 1000000000 17394064 1
999999999 999999999 1 1
2 100 1 1
999999999 999999999 999999998 3
100 1000000000 1 2
999999999 1000000000 1 1
702326696 999999999 3 1
999999999 999999999 2 3
2 4 1 3
100 1000000000 3 881233701
632200338 3 1 2
2 1000000000 1 2
2 999999999 1 3
1000000000 4 2 2
1000000000 84082569 375561153 2
100 4 3 1
999999999 100 1 99
499812538 999999999 1 1
100 1000000000 3 1
1000000000 999999999 2 47219043
1000000000 999999999 3 999999998
4 1000000000 1 3
999999999 100 2 99
3 2 1 1
999999999 1000000000 1 2
100 4 1 2
4 783105139 2 2
990898699 2 1 1
4 1000000000 2 812085677
3 190048202 1 3
999999999 2 3 1
100 999999999 3 607160337
100 100 99 2
999999999 1000000000 488516079 1
999999999 4 37069733 2
1000000000 999999999 90055928 1
1000000000 100 2 2
999999999 1000000000 3 3
100 100 1 99
880984255 1000000000 1 3
100 999999999 1 4861357
999999999 396025382 2 2
1000000000 3 3 2
999999999 1000000000 3 999999999
100 397986566 65 2
100 100 3 99
427727826 1000000000 3 1
1000000000 100 1 3
1000000000 3 2 2
999999999 1000000000 999999998 999999999
163592637 549432548 2 110629430
100 1000000000 99 3
1000000000 100 3 3
100 3 99 2
100 3 2 1
1000000000 100 3 1
100 3 1 2
4 100 2 3
1000000000 100 968047634 19
3 1000000000 1 2
1000000000 3 3 1
271589777 216429783 1 1
100 1000000000 1 3
135818523 100 127108945 1
1000000000 4 2 1
999999999 1000000000 3 780175482
100 999999999 72 3
999999999 3 3 2
100 2 22 1
4 40276081 1 3
1000000000 100 3 32
100 100 2 3
999999999 4 90975763 3
3 637320062 1 460765579
999999999 1000000000 999999998 3
999999999 999999999 999999998 1
70829133 100 3 26
999999999 4 999999998 1
3 100 1 1
999999999 3 1 1
2 251894516 1 3
1000000000 999999999 3 2
999999999 4 627313199 3
3 100 2 1
100 4 2 3
4 100 1 99
999999999 1000000000 2 724564983
999999999 4 2 2
4 100 2 2
999999999 100 2 2
4 100 1 3
2 43534587 1 1
4 100 2 99
100 2 3 1
1000000000 1000000000 999999999 999999999
946260157 2 1 1
100 100 99 1
4 410312616 3 176330867
1000000000 1000000000 3 2
999999999 100 3 1
3 100 1 64
259765240 2 1 1
3 999999999 2 1
4 3 1 1
630783940 100 3 2
3 131597407 2 130390896
3 4 2 3
3 999999999 1 701097245
999999999 4 2 3
999999999 1000000000 2 1
1000000000 100 2 99
2 4 1 2
999999999 3 1 2
999999999 100 2 11
4 1000000000 3 999999999
1000000000 999999999 999999999 3
992439437 2 2 1
126406469 999999999 3 3
900200350 242692999 164767257 3
1000000000 4 3 2
1000000000 999999999 999999999 1
100 999999999 3 3
4 4 3 1
999999999 100 3 3
999999999 3 2 2
3 750409238 1 2
100 470997877 1 2
1000000000 3 198570665 2
999999999 553819129 274277625 13275303
1000000000 3 1 2
100 2 99 1
100 1000000000 3 3
100 999999999 2 999999998
999999999 4 2 1
1000000000 1000000000 1 4469475
543383962 764857696 2 41522173
704993648 595827515 1 3
1000000000 1000000000 301408972 2
4 100 1 1
4 249842301 1 1
4 100 2 91
515006471 3 3 2
999999999 1000000000 999999998 2
3 560442205 2 3
999999999 3 2 1
501599341 999999999 2 3
3 999999999 1 2
1000000000 999999999 999999999 2
999999999 4 1 1
3 100 1 99
4 4 2 2
598618548 1000000000 1 2
997867345 170075009 374134420 2
999999999 999999999 2 999999998
999999999 1000000000 3 1
204388631 3 2 2
1000000000 100 999999999 1
543390985 2 25843304 1
999999999 100 3 99
1000000000 100 1 1
100 999999999 2 1
4 100 2 1
4 625855660 3 1
999999999 306100163 2 1
1000000000 100 872721048 64
100 100 1 3
1000000000 4 999999999 1
4 4 2 3
3 3 2 2
1000000000 1000000000 1 2
3 100 1 3
4 100 1 2
999999999 100 2 1
4 100 3 2
999999999 2 999999998 1
4 1000000000 1 2
999999999 2 1 1
100 4 1 3
2 1000000000 1 3
2 3 1 1
216458893 858261817 2 730048733
998645846 2 2 1
1000000000 999999999 2 2
1000000000 1000000000 1 3
100 4 99 3
3 100 1 2
4 3 1 2
671771882 1000000000 458242975 1
1000000000 100 450060632 3
1000000000 100 999999999 99
914040527 100 1 2
100 999999999 2 2
100 999999999 1 999999998
1000000000 999999999 3 1
270079655 4 13920983 1
4 2 1 1
66434218 3 2 2
999999999 3 999999998 2
4 911940777 2 39960172
100 1000000000 99 999999999
2 475952396 1 3
3 1000000000 1 3
100 100 99 3
6565870 999999999 5153895 286487589
820459816 1000000000 228363612 2
999999999 4 999999998 3
3 999999999 2 999999998
1000000000 1000000000 1 999999999
1000000000 100 2 27
1000000000 999999999 2 3
999999999 153855548 3 2
999999999 100 999999998 99
1000000000 4 1 3
3 100 2 99
4 100 3 99
100 1000000000 99 1
100 1000000000 99 2
4 1000000000 2 1
803061495 4 3 3
4 100 3 1
1000000000 1000000000 2 999999999
1000000000 4 999999999 3
100 3 1 1
100 999999999 1 913663288
568263512 100 2 43
4 4 1 2
4 2 3 1
1000000000 3 1 1
1000000000 2 1 1
100 999999999 3 2
100 999999999 1 1
76553835 3 3 2
699118378 100 371255050 53
3 999999999 2 217585714
3 999999999 2 2
4 1000000000 1 999999999
999999999 234259462 1 104118482
3 999999999 2 3
100 999999999 99 3
1000000000 1000000000 1 1
999999999 100 1 2
1000000000 1000000000 2 1
3 4 2 2
1000000000 4 1 1
804494411 2 1 1
945684593 999999999 725490874 3
999999999 1000000000 2 3
3 982500203 1 839934728
4 2 2 1
100 999999999 1 2
422251405 1000000000 332267304 3
100 1000000000 3 2
100 100 2 2
999999999 999999999 3 999999998
4 100 3 56
999999999 4 999999998 2
4 1000000000 1 1
4 999999999 2 2
999999999 999999999 999999998 2
999999999 999999999 3 97982365
1000000000 999999999 1 2
1000000000 999999999 2 1
100 1000000000 3 999999999
999999999 4 3 3
3 1000000000 1 197472206
3 4 2 1
19089712 3 3 1
1000000000 4 999999999 2
755742919 1000000000 2 2
1000000000 889034323 2 585497466
4 1000000000 2 2
100 100 1 2
999999999 100 999999998 3
3 1000000000 2 3
109588419 516866303 95880941 3
2 3 1 2
999999999 3 3 1
1000000000 100 3 99
2 999999999 1 2
900930753 3 3 1
999999999 999999999 3 2
1000000000 2 3 1
4 1000000000 3 1
4 4 1 1
100 100 3 3
4 3 3 2
586838884 999999999 2 2
3 1000000000 2 999999999
1000000000 4 2 3
2 999999999 1 999999998
100 4 99 1
100 4 3 2
3 1000000000 2 2
1000000000 1000000000 999999999 2
4 999999999 3 3
2 4 1 1
377173489 999999999 3 1
4 999999999 1 2
4 308024713 3 2
100 4 84 3
100 4 3 3
4 198068727 2 2
2 1000000000 1 999999999
999999999 999999999 1 2
999999999 388726895 726514352 2
100 3 3 2
400638252 4 3 2
999999999 489345280 108542079 3
779009402 100 3 3
1000000000 3 999999999 1
999999999 100 1 3
1000000000 999999999 999999999 999999998
1000000000 999999999 1 999999998
100 1000000000 2 2
100 999999999 2 3
207868204 1000000000 2 225202610
1000000000 293794518 859896680 2
4 4 2 1
3 3 1 2
999999999 999999999 999999998 999999998
1000000000 999999999 3 3
4 1000000000 2 999999999
100 999999999 1 3
1000000000 4 1 2
372315310 428364244 1 1
3 1000000000 1 999999999
2 590064564 1 410727603
690839093 999999999 2 3
3 440178503 1 1
999999999 2 2 1
100 999999999 5 3
999999999 4 888595089 3
268284003 3 3 1
159636198 2 132750702 1
3 2 2 1
100 100 99 99
588778144 302958057 3 3
999999999 1000000000 2 999999999
100 100 3 48
100 1000000000 1 999999999
1000000000 100 3 2
1000000000 4 3 1
100 1000000000 2 3
3 999999999 1 999999998
2 100 1 2
100 100 2 1
1000000000 748176992 2 3
999999999 1000000000 38408940 1
1000000000 1000000000 2 3
100 100 2 99
4 3 3 1
4 100 2 71
999999999 999999999 1 999999998
4 999999999 2 1
100 4 2 2
2 999999999 1 1
4 999999999 2 3
513324740 2 1 1
4 999999999 3 999999998
1000000000 100 999999999 2
160776118 100 1 1
4 3 2 1
999999999 4 3 1
2 243229745 1 59406209
100 2 1 1
4 4 3 2
100 100 1 1
1000000000 2 2 1
3 100 2 3
4 314723735 2 2
3 387806766 2 3
100 39439397 2 35075686
1000000000 999999999 1 1
475576299 79599546 62711377 1
100 1000000000 2 1
